COSMOS 1408 DEB         
1 49527U 82092Q   25053.19607848  .00128434  00000+0  43590-2 0  9990
2 49527  82.3552 133.4841 0165393 333.2594  26.0177 15.17924303172125
COSMOS 1408 DEB         
1 49537U 82092AA  25052.95665967  .00053955  00000+0  12627-2 0  9992
2 49537  82.5424  43.7775 0076716 258.0224 101.2414 15.38804510180016
COSMOS 1408 DEB         
1 50032U 82092RU  25052.92254631  .00007746  00000+0  17951-3 0  9996
2 50032  82.5668 358.8025 0016350 190.9231 169.1664 15.42087106180701
COSMOS 1408 DEB         
1 50058U 82092SW  25052.92872283  .00023633  00000+0  43483-3 0  9995
2 50058  82.6155  13.0335 0026045 101.4723 258.9454 15.48657326182361
COSMOS 1408 DEB         
1 50404U 82092ADS 25052.72925435  .00048921  00000+0  35016-2 0  9995
2 50404  82.2295 145.0208 0308204  93.9343 269.7155 14.73145302168146
COSMOS 1408 DEB         
1 50621U 82092ALR 25052.89175479  .00021965  00000+0  48267-3 0  9991
2 50621  82.5763  16.6663 0040266 142.3662 218.0416 15.42981233177002
COSMOS 1408 DEB         
1 50689U 82092APM 25052.51951204  .00552569  14486-3  78001-3 0  9997
2 50689  82.4936 338.7107 0010878  48.1089 312.1118 16.05603507177594
COSMOS 1408 DEB         
1 51184U 82092AZJ 25052.79687560  .00103680  00000+0  61260-3 0  9997
2 51184  82.4834 336.5715 0012268  45.8403 314.3869 15.77695950175431
COSMOS 1408 DEB         
1 51435U 82092BKH 25052.31553665  .00670075  19925-3  13480-2 0  9999
2 51435  82.5334  10.0613 0020348 137.2016 223.0851 15.99295186172795
COSMOS 1408 DEB         
1 52066U 82092BUU 25052.96735089  .00119537  00000+0  12492-2 0  9996
2 52066  82.4934  50.8788 0052815 309.4905  50.1687 15.62289746164624
